111111111100000000000000000000
100100000000000000000000100011
101111101111111111101111011011
101000000001000000000001010001
101011111101011111111101010001
101011010001000000001001010001
101011010101111111101111010001
101000000001000000000001010001
101111011101001111111111011011
100000010100001000100001010001
101111011111111010101100011101
100001010100000010001101000001
111101010111111111111100011011
100001010101000100000101010001
101101000100010001010001011011
110001011111111111011111010001
111101000000000000000001011011
101001111111111111101111000001
101111100000100000000001011011
100000001010101011111111010001
101111111010101011000101011011
100010000010101010010001010001
101010111110111010111101010001
101010000010001010000100010001
111011111010101010111101110001
100000000010100010000000010001
101111111010111110111111011111
100001000010100000000001010001
101111011010111111111111011011
100100000000000000000000000001
101111110111111111111011011011
101000000011111111111011010001
101011110110001000100000010001
101011111110101010111011010001
100000000000100010000000010001
101111111111111111111111111111