111111111111111111111111111111111101
100000000000000000000000000000000001
101111101111111111111111111110111101
101000000000000000000100000000000101
101011111101111111110101111111110101
101011010100000100000100000000100101
101011010101111111110111111110111101
101000000000000000010100000000000101
101111011111101101010100111111111101
100000010000101101010000100010000101
101111011110100101011111101010110101
100001010000110101000000001000110101
111101010100100101011111111111110101
100001010111101101000100010000010101
101101000000000101010001000101000101
100001011111111101111111111101111101
111101000000000000000000000000000101
100001111111111111111111111110111101
101111100010001000100010000000000101
100000001000100010101010101111111101
101111111111111110101010101100010101
100010000000000000101010101001000101
101010111111111111101011101011110101
101010000000000000101000101000010001
111011111111111110101010101011110111
100000000000000000101010001000000001
101111111111111110101011111011111101
100001000000000010101010000000000101
101111011111111110101011111111111101
101000010000000000101000000000000001
101111110111111111101111111111101101
101000000111000000001111111111101101
101011110001011111111000100010000001
101011111111011111111010101011101101
100000000000000000000010001000000001
101111111111111111111111111111111111
